3
31 2.6 4.8 4.2 -2.8 -1.2 -1.6 1.2 -5.5 -6.1 -6.6 -1.8 -2.3 0.0 2.7 -0.3 -1.0 -0.8 2.4 5.6 7.0 8.7 10.6 8.6 9.9 6.8 4.6 -3.4 -4.4 0.4 -1.7 1.8 
31 -3.2 -2.9 0.5 0.2 -0.4 -1.2 -0.7 -3.5 -0.1 -5.0 -4.9 5.5 -1.3 3.2 6.6 2.7 2.7 3.5 2.1 5.7 4.8 4.7 10.2 6.9 7.7 6.4 6.2 8.1 8.3 5.5 1.3
31 3.3 2.6 4.2 1.9 0.4 -3.0 0.9 -2.3 -3.0 -4.2 -0.7 2.5 3.2 2.9 5.4 5.9 4.3 3.5 2.1 5.1 7.5 7.6 3.9 4.6 4.4 6.7 7.2 8.6 6.1 11.0 13.2 


Задача 2
Тест № 1
Температура была ниже максимальной (10.6) не более чем на 3°С 4 дня
Тест № 2
Температура была ниже максимальной (10.2) не более чем на 3°С 4 дня
Тест № 3
Температура была ниже максимальной (13.2) не более чем на 3°С 2 дня